-1079255271
-593101463
-190873495
-163547449
-108055850
-92576166
-91120765
-82512764
-52710932
-45557031
-42238709
-16035857
-12339122
-11819977
-2474799
-1136024
-886519
-881296
-828404
-589686
-508851
-126564
-121450
-119467
-106029
-101111
-68973
-64060
-60075
-22995
-11651
-8644
-8590
-7464
-5583
-4654
-3781
-2241
-1307
-1116
-910
-756
-714
-488
-99
-96
-85
-83
-50
28
37
63
198
223
282
573
606
623
651
3033
4900
5346
5645
19038
28151
47733
49399
53994
59734
72748
74268
250028
272597
306478
410281
542066
568502
617513
632275
634210
688664
1246123
2222769
2359903
2558944
2762761
2997604
3539646
3996985
6259603
7807943
8392585
36463691
41024355
45197980
65790577
73442092
73901845
434639529
690332871
